3
-1 -1 1
8
1 -1 1 -1 -1 1 1 1
11
-1 -1 2 -1 -1 -1 -1 -1 -1 -1 -1
7
-1 -1 1 1 -1 -1 1
21
-1 -1 -1 -1 -1 3 2 -1 6 -1 -1 2 1 -1 2 2 1 6 5 -1 5
297
-1 -1 1 1 -1 1 -1 1 -1 1 1 1 -1 -1 -1 -1 -1 -1 1 -1 -1 -1 1 1 -1 1 -1 1 -1 -1 1 -1 1 -1 -1 1 1 1 1 1 -1 1 1 1 1 1 -1 1 1 -1 -1 1 -1 1 -1 1 1 -1 -1 1 -1 1 -1 1 1 1 -1 1 -1 -1 1 1 1 -1 -1 -1 -1 1 -1 -1 1 1 -1 -1 1 1 -1 -1 -1 -1 1 1 -1 1 -1 -1 -1 -1 -1 1 -1 -1 1 -1 1 1 1 -1 -1 -1 -1 -1 -1 1 1 1 1 1 1 1 1 -1 1 1 1 1 1 1 1 -1 -1 1 -1 1 1 -1 -1 -1 -1 1 -1 1 1 -1 1 1 1 -1 1 1 -1 1 -1 -1 1 -1 -1 -1 1 1 -1 -1 1 -1 -1 -1 -1 1 -1 -1 1 -1 1 1 1 1 -1 -1 -1 1 -1 1 1 -1 1 -1 1 1 1 1 -1 1 -1 -1 1 -1 1 -1 1 1 1 -1 1
1887
-1 -1 1 1 -1 -1 -1 1 -1 -1 1 -1 -1 -1 -1 -1 -1 1 1 1 -1 -1 -1 1 1 1 1 1 1 1 1 1 1 -1 1 -1 -1 1 -1 -1 1 -1 -1 -1 -1 -1 1 -1 -1 -1 1 1 1 1 1 1 1 1 -1 -1 -1 1 1 -1 1 1 -1 1 1 1 -1 1 1 1 1 1 -1 -1 1 -1 1 -1 1 -1 -1 -1 -1 -1 -1 1 -1 -1 -1 1 1 1 1 1 -1 1 1 -1 1 -1 1 -1 1 1 -1 1 -1 -1 -1 1 1 -1 -1 1 -1 -1 1 1 -1 1 -1 1 1 1 -1 -1 1 -1 -1 -1 1 1 1 -1 -1 -1 1 1 -1 1 -1 -1 1 1 -1 1 1 -1 -1 1 1 1 1 1 1 1 -1 -1 1 -1 1 1 1 1 1 1 -1 -1 1 -1 -1 1 -1 1 -1 1 -1 1 1 1 1 -1 1 -1 -1 -1 1 -1 -1 -1 1 -1 1 1 -1 -1 1 -1 1 1
1852
1 -1 1 1 -1 1 1 1 1 -1 -1 -1 -1 1 1 1 1 -1 1 1 -1 -1 -1 1 -1 -1 -1 1 1 1 1 -1 -1 1 -1 1 -1 -1 1 -1 1 -1 1 -1 1 1 -1 1 1 -1 1 -1 -1 1 1 -1 1 -1 1 1 1 -1 -1 1 1 -1 -1 -1 -1 -1 -1 1 1 1 1 1 1 -1 -1 1 -1 1 1 -1 1 1 1 1 1 1 1 1 -1 -1 -1 1 1 1 -1 1 -1 1 -1 1 -1 -1 -1 -1 1 1 -1 -1 -1 1 -1 -1 -1 1 1 1 -1 1 1 -1 1 1 -1 1 -1 1 -1 -1 1 1 -1 1 1 -1 1 1 1 -1 -1 -1 -1 1 -1 -1 1 1 -1 -1 -1 1 1 -1 -1 1 1 -1 1 1 -1 1 -1 1 1 -1 1 1 1 -1 1 1 -1 1 -1 -1 -1 -1 -1 1 -1 -1 1 -1 1 -1 1 1 -1 1 1 1 1 -1 -1 1 -1 1 -1 -1 -1 1
1677
1 1 -1 1 1 1 -1 -1 -1 1 1 1 1 1 -1 1 1 -1 1 1 -1 1 1 1 -1 1 -1 1 -1 1 -1 1 1 1 1 1 1 -1 -1 -1 -1 1 1 1 1 1 -1 1 1 1 -1 1 1 1 1 -1 1 1 1 -1 -1 -1 -1 1 -1 1 1 1 1 1 -1 1 -1 1 1 1 -1 -1 1 -1 -1 1 1 1 1 -1 -1 1 1 1 1 -1 -1 -1 -1 1 1 1 1 -1 1 1 -1 1 -1 1 1 -1 -1 -1 -1 1 1 1 -1 1 1 1 1 1 -1 1 1 -1 -1 -1 -1 -1 1 -1 1 -1 -1 1 1 1 1 -1 -1 1 1 -1 1 -1 1 1 1 1 1 -1 1 1 1 -1 1 -1 -1 1 1 -1 1 -1 1 -1 1 1 -1 1 -1 1 -1 -1 1 1 -1 1 -1 1 1 -1 1 -1 -1 1 1 -1 1 1 -1 1 -1 -1 -1 -1 1 1 1 -1 -1 1 1 -1 -1 -1 1 -1 1 -1 1 -1
98
-1 -1 1 -1 -1 -1 -1 1 -1 -1 1 -1 -1 1 -1 1 1 1 -1 1 1 1 1 1 -1 1 -1 -1 -1 -1 1 -1 -1 1 1 -1 1 1 1 -1 -1 -1 -1 -1 -1 1 -1 -1 -1 1 -1 1 -1 1 -1 1 1 1 1 1 1 1 -1 -1 1 1 -1 -1 -1 -1 -1 -1 -1 -1 -1 -1 -1 1 -1 1 1 1 -1 1 1 -1 -1 -1 1 1 1 -1 -1 -1 1 -1 1 1
4984
1 1 -1 1 1 -1 1 1 1 -1 1 -1 1 1 1 1 1 1 -1 1 1 -1 -1 1 -1 -1 -1 1 1 -1 -1 1 -1 -1 -1 1 1 -1 1 1 1 -1 1 -1 1 -1 -1 1 -1 -1 -1 1 -1 1 1 1 1 -1 -1 1 -1 1 -1 1 1 1 -1 -1 -1 1 1 1 1 -1 -1 -1 1 1 -1 1 1 1 1 -1 -1 1 -1 1 -1 1 -1 -1 1 1 1 1 -1 1 -1 -1 -1 -1 1 -1 1 -1 1 1 1 1 1 1 -1 -1 -1 -1 -1 -1 -1 1 1 1 1 1 -1 -1 1 -1 1 -1 1 1 1 -1 -1 1 -1 -1 -1 -1 -1 1 1 -1 -1 -1 -1 1 -1 1 -1 -1 -1 -1 1 -1 1 -1 -1 1 -1 1 1 1 -1 -1 -1 -1 -1 -1 -1 -1 1 -1 1 1 1 1 -1 1 1 1 1 1 -1 1 -1 -1 -1 -1 -1 1 -1 -1 -1 1 1 1 1 1 1 -1 1
254
8 5 6 -1 6 -1 4 -1 -1 -1 -1 -1 3 -1 8 4 2 5 -1 -1 8 -1 4 1 -1 -1 -1 -1 -1 -1 6 -1 6 1 7 -1 3 6 9 -1 3 -1 10 -1 -1 3 -1 4 -1 -1 -1 2 -1 -1 -1 -1 1 8 4 -1 -1 1 5 -1 4 -1 -1 6 5 10 -1 6 -1 3 -1 6 -1 9 6 7 -1 -1 2 6 10 6 8 -1 8 8 -1 -1 3 5 -1 -1 -1 5 -1 -1 -1 -1 -1 6 9 7 -1 8 -1 -1 -1 -1 -1 8 7 1 -1 5 -1 1 -1 8 10 8 7 10 8 3 10 6 9 5 -1 -1 -1 2 4 3 -1 1 4 -1 -1 8 -1 -1 10 4 2 -1 4 4 -1 6 6 4 -1 -1 -1 4 -1 9 -1 -1 3 -1 -1 -1 1 -1 4 -1 9 4 3 3 9 3 -1 3 -1 -1 -1 -1 8 -1 -1 2 6 3 -1 5 1 -1 10 3 -1 9 -1 9 -1
1268
-1 -1 3 -1 -1 -1 1 3 2 -1 -1 -1 -1 -1 -1 -1 -1 -1 1 3 -1 -1 -1 2 1 3 2 -1 -1 -1 3 -1 3 2 3 3 1 -1 3 2 -1 1 -1 -1 2 -1 -1 -1 3 -1 -1 2 2 -1 -1 1 1 -1 1 1 -1 1 -1 -1 -1 -1 -1 -1 1 -1 -1 -1 -1 -1 1 -1 1 2 3 -1 -1 -1 3 1 -1 -1 1 1 2 -1 -1 -1 3 2 1 1 -1 -1 -1 -1 -1 -1 -1 -1 1 -1 2 2 -1 -1 -1 2 2 -1 -1 -1 1 3 -1 -1 1 2 1 3 -1 2 3 -1 3 -1 3 -1 -1 -1 -1 1 -1 -1 2 -1 3 1 -1 3 -1 1 -1 -1 1 -1 -1 1 -1 2 -1 -1 -1 -1 -1 1 1 3 -1 3 1 3 -1 3 -1 2 1 2 2 -1 -1 -1 3 3 -1 2 3 1 2 -1 3 1 1 -1 3 3 -1 2 3 3 -1 -1 -1 -1 -1
82897
1 1 1 1 1 -1 1 1 -1 -1 1 -1 1 1 -1 1 1 -1 1 1 -1 -1 1 -1 1 1 -1 1 1 -1 -1 -1 -1 1 1 -1 1 -1 1 -1 -1 1 -1 1 -1 -1 1 -1 1 -1 -1 -1 1 1 1 -1 -1 -1 -1 -1 -1 1 -1 1 -1 1 1 1 1 1 -1 -1 1 -1 -1 1 -1 -1 -1 1 1 1 1 1 1 -1 -1 -1 -1 -1 1 1 1 -1 -1 1 -1 1 1 1 -1 -1 1 -1 -1 1 1 1 -1 1 1 -1 -1 1 -1 -1 -1 -1 -1 1 1 1 -1 -1 1 -1 1 1 1 -1 1 -1 1 1 -1 -1 -1 1 1 1 -1 -1 -1 1 -1 1 1 1 1 1 1 -1 1 -1 1 -1 -1 -1 -1 -1 -1 -1 1 -1 -1 -1 -1 -1 -1 -1 -1 -1 1 1 1 -1 1 1 -1 1 1 -1 1 1 -1 -1 1 -1 1 -1 1 -1 1 1 -1 1 -1 1 1 -1 -1
7551
1 -1 1 1 -1 -1 1 -1 1 -1 -1 1 -1 1 1 -1 -1 -1 1 -1 -1 1 -1 1 1 1 -1 -1 -1 -1 1 -1 -1 -1 1 1 1 1 1 1 -1 1 1 -1 1 1 -1 -1 1 1 1 -1 -1 1 1 -1 1 -1 -1 1 -1 1 -1 1 1 1 -1 -1 -1 1 -1 1 1 -1 1 1 1 -1 -1 -1 1 1 1 -1 1 -1 1 -1 -1 1 -1 1 -1 1 -1 1 -1 1 -1 -1 1 1 -1 -1 1 -1 -1 1 1 1 1 -1 -1 -1 -1 -1 -1 1 1 -1 -1 -1 1 -1 -1 1 1 1 1 -1 1 -1 1 -1 1 -1 -1 1 1 1 1 -1 1 -1 -1 1 1 -1 -1 -1 1 1 1 1 -1 1 1 -1 -1 1 -1 -1 1 1 1 1 1 1 1 1 1 1 -1 -1 -1 -1 1 -1 1 -1 -1 -1 -1 -1 -1 1 -1 1 -1 1 1 -1 1 1 1 1 -1 1 1 -1 1 -1 1 1
7255
-1 -1 1 1 1 1 1 1 1 1 -1 1 1 -1 1 -1 -1 1 -1 1 -1 1 1 1 1 -1 1 -1 1 1 -1 -1 -1 1 1 -1 1 -1 -1 1 1 1 1 -1 -1 -1 1 1 1 -1 -1 1 1 1 -1 -1 -1 -1 -1 1 1 1 -1 -1 -1 1 -1 1 1 -1 -1 1 1 -1 1 -1 1 1 1 1 1 -1 -1 -1 1 -1 -1 1 -1 -1 -1 -1 -1 1 1 -1 -1 1 -1 -1 -1 1 -1 1 1 1 -1 -1 1 -1 1 -1 1 -1 1 -1 1 -1 -1 1 -1 -1 1 -1 -1 -1 -1 1 -1 -1 1 1 -1 -1 -1 -1 1 1 -1 1 -1 -1 1 1 -1 1 1 -1 -1 -1 1 1 -1 1 1 1 -1 1 1 -1 1 -1 1 -1 -1 -1 1 -1 1 1 1 -1 -1 1 1 -1 -1 -1 1 -1 -1 1 1 -1 -1 -1 1 1 1 -1 -1 -1 -1 1 1 -1 -1 -1 -1 -1
6932
-1 -1 -1 3 1 1 -1 3 -1 -1 -1 3 -1 2 -1 -1 -1 -1 1 -1 1 -1 2 -1 -1 -1 -1 3 -1 -1 -1 2 3 -1 -1 -1 -1 2 1 -1 3 3 3 2 1 -1 2 -1 -1 2 -1 3 -1 -1 -1 2 1 2 2 -1 -1 -1 -1 -1 -1 3 -1 2 -1 1 2 1 -1 1 -1 -1 3 3 -1 3 3 -1 -1 -1 3 -1 -1 1 -1 -1 -1 2 2 -1 1 2 3 -1 -1 2 3 -1 3 1 -1 2 1 -1 -1 2 -1 2 -1 -1 3 -1 -1 1 3 -1 -1 -1 -1 -1 2 -1 3 -1 -1 3 2 -1 1 2 -1 1 -1 -1 3 3 -1 -1 3 1 2 -1 -1 -1 2 3 3 -1 3 2 2 -1 -1 1 2 -1 2 -1 -1 -1 1 1 2 -1 2 -1 1 3 1 -1 -1 2 3 2 -1 -1 1 1 3 -1 3 1 2 1 2 -1 -1 -1 -1 -1 -1 -1 3 3 -1 3 1
9762
-1 -1 -1 10 -1 -1 -1 1 -1 3 3 -1 2 9 5 -1 7 1 -1 -1 10 2 4 7 -1 9 1 4 8 -1 -1 1 -1 -1 -1 5 -1 7 10 7 -1 2 -1 -1 -1 -1 -1 -1 -1 5 -1 -1 -1 10 5 -1 10 -1 -1 4 -1 1 4 4 7 8 -1 -1 -1 -1 4 3 -1 -1 4 2 1 -1 -1 2 7 3 -1 -1 8 -1 10 6 6 -1 -1 -1 6 -1 -1 -1 -1 9 -1 -1 -1 -1 -1 5 -1 9 6 -1 -1 -1 8 5 -1 -1 9 -1 -1 -1 7 8 7 -1 4 -1 7 4 9 4 -1 7 -1 8 6 10 6 -1 2 -1 -1 -1 -1 9 -1 9 -1 1 3 -1 -1 1 -1 -1 -1 -1 7 10 2 6 5 -1 2 -1 -1 10 6 -1 -1 -1 10 -1 -1 5 7 -1 7 2 -1 9 9 1 -1 -1 -1 -1 -1 -1 10 7 1 -1 -1 -1 -1 10 -1
6810
2 -1 -1 -1 -1 -1 1 -1 3 -1 1 -1 -1 3 -1 -1 -1 1 -1 -1 2 -1 -1 -1 -1 -1 -1 -1 -1 -1 -1 -1 -1 -1 -1 1 -1 2 -1 -1 -1 3 -1 -1 1 -1 -1 -1 3 -1 -1 1 -1 -1 -1 -1 -1 3 1 2 3 -1 -1 -1 -1 -1 -1 3 2 3 -1 -1 -1 2 1 -1 -1 -1 2 2 3 -1 1 -1 1 -1 -1 -1 3 -1 -1 -1 -1 2 -1 -1 1 -1 -1 3 -1 -1 -1 -1 -1 3 2 -1 2 -1 -1 -1 -1 -1 -1 1 3 -1 -1 -1 2 -1 -1 -1 1 -1 3 3 -1 -1 -1 -1 1 -1 3 1 -1 1 -1 2 -1 3 -1 3 -1 -1 3 -1 -1 -1 -1 2 -1 2 -1 2 -1 -1 -1 -1 2 -1 -1 3 -1 -1 2 -1 -1 -1 1 -1 1 -1 3 -1 1 -1 -1 1 2 3 1 -1 -1 -1 -1 -1 -1
8269
-1 -1 -1 -1 -1 -1 -1 1 1 -1 1 1 1 -1 1 1 -1 -1 1 -1 1 -1 -1 -1 -1 -1 1 -1 1 1 -1 1 1 -1 -1 1 1 -1 1 -1 -1 -1 1 1 1 1 1 1 -1 -1 -1 1 -1 1 -1 -1 1 -1 1 -1 1 -1 1 1 -1 1 1 -1 -1 1 1 -1 -1 -1 1 1 -1 1 1 -1 1 1 -1 -1 -1 1 1 1 -1 1 -1 1 1 -1 -1 1 -1 1 1 -1 1 1 -1 1 -1 1 1 -1 1 -1 -1 -1 1 1 -1 1 -1 1 1 -1 1 -1 -1 -1 -1 1 1 1 -1 -1 -1 1 -1 1 -1 1 1 -1 1 -1 1 -1 -1 1 -1 -1 1 1 -1 -1 -1 1 1 -1 -1 -1 1 -1 1 -1 -1 -1 1 1 1 -1 -1 -1 1 -1 -1 1 -1 1 -1 -1 -1 1 1 1 1 1 1 1 1 -1 1 -1 -1 -1 1 -1 1 1 1 1 1 1 1 -1 1 -1
17504
-1 -1 -1 2 3 -1 -1 2 2 1 -1 1 1 -1 -1 3 3 -1 -1 2 -1 -1 1 3 1 1 -1 -1 3 2 -1 -1 -1 -1 1 2 -1 1 3 2 -1 -1 -1 -1 1 2 -1 2 3 1 -1 2 -1 2 -1 1 -1 2 -1 1 2 -1 -1 -1 -1 -1 2 1 1 3 -1 2 -1 -1 -1 2 1 -1 -1 -1 2 2 2 -1 -1 1 -1 -1 -1 -1 2 -1 -1 1 3 -1 -1 3 -1 -1 1 -1 -1 -1 3 3 -1 1 -1 1 3 -1 2 3 1 1 -1 1 1 -1 -1 -1 3 2 3 3 -1 -1 1 3 1 2 1 -1 -1 -1 1 3 3 -1 -1 1 2 -1 3 -1 1 2 -1 1 2 1 -1 1 -1 2 1 1 -1 -1 -1 -1 3 2 1 3 -1 2 1 3 3 -1 -1 -1 -1 -1 -1 1 2 -1 1 3 1 2 1 3 -1 1 -1 -1 1 3 -1 3 1 -1 3 2 -1 -1 -1 -1 -1 1
3
-1 5 4
1400
2 -1 2 2 -1 -1 -1 -1 2 1 2 2 1 1 2 1 -1 1 1 -1 1 -1 -1 2 -1 -1 -1 -1 -1 1 1 2 1 -1 1 1 1 1 -1 -1 -1 1 -1 1 -1 -1 -1 1 2 -1 2 2 1 1 2 2 1 -1 -1 -1 -1 -1 1 -1 -1 2 1 1 2 -1 2 1 -1 -1 1 1 -1 -1 2 1 -1 -1 -1 2 2 2 -1 1 -1 -1 2 -1 2 1 -1 -1 1 -1 1 2 1 -1 1 1 1 1 -1 2 -1 -1 2 1 -1 1 2 -1 -1 -1 1 1 1 -1 -1 -1 -1 2 2 1 1 -1 -1 -1 2 2 -1 2 2 1 -1 -1 1 2 2 2 2 1 1 1 -1 -1 2 2 -1 1 2 1 -1 2 2 -1 2 1 -1 -1 1 -1 2 -1 -1 -1 -1 -1 1 1 2 -1 -1 1 2 -1 -1 2 2 2 -1 -1 -1 -1 -1 -1 -1 -1 -1 2 1 -1 1 -1 2 -1 1 1 -1 2 2 -1
5916
1 1 -1 -1 1 1 1 1 1 -1 1 -1 1 1 -1 -1 1 1 1 -1 -1 1 -1 1 1 -1 -1 -1 -1 -1 1 -1 1 1 -1 -1 1 1 -1 1 -1 -1 -1 1 1 1 1 -1 1 -1 1 1 -1 -1 -1 -1 -1 -1 -1 -1 -1 -1 -1 1 -1 -1 1 1 1 -1 -1 1 1 1 -1 -1 -1 -1 -1 -1 -1 -1 1 1 1 1 1 -1 -1 1 -1 -1 -1 -1 -1 -1 -1 1 1 1 -1 -1 -1 1 1 -1 1 1 1 1 1 1 1 -1 -1 -1 -1 -1 1 1 -1 1 1 -1 -1 -1 -1 1 1 -1 -1 1 1 1 1 1 -1 1 1 -1 1 1 1 -1 -1 1 -1 -1 -1 -1 1 -1 1 1 1 -1 -1 -1 -1 1 -1 1 -1 -1 -1 -1 1 -1 -1 -1 1 1 -1 -1 -1 1 1 1 1 -1 1 -1 -1 1 1 -1 1 -1 1 -1 -1 1 1 1 -1 1 1 1 -1 -1
146
4 -1 -1 -1 -1 -1 -1 -1 -1 -1 4 -1 3 -1 3 -1 -1 1 4 -1 2 -1 -1 3 -1 -1 -1 4 1 -1 -1 -1 4 -1 -1 -1 -1 -1 -1 3 2 -1 3 2 4 5 2 4 1 5 -1 -1 2 -1 -1 1 -1 5 3 -1 1 2 2 3 5 3 -1 -1 3 -1 -1 3 5 5 -1 -1 5 -1 4 4 1 -1 -1 -1 2 1 -1 -1 -1 2 5 3 -1 -1 -1 3 -1 5 4 -1 1 -1 -1 3 -1 -1 3 1 1 2 -1 -1 -1 1 3 1 -1 2 -1 -1 5 5 -1 -1 3 4 5 1 -1 2 -1 -1 -1 3 -1 5 3 2 -1 2 -1 -1 5 -1 3 -1
7248
-1 -1 3 -1 2 -1 2 -1 -1 3 2 -1 3 -1 1 2 -1 -1 1 1 -1 3 3 2 -1 -1 2 3 -1 -1 3 -1 -1 -1 3 -1 2 3 1 -1 -1 -1 1 3 -1 1 3 3 1 2 -1 3 -1 1 -1 -1 1 -1 -1 3 3 -1 1 2 3 -1 -1 -1 1 -1 3 -1 -1 -1 -1 -1 -1 -1 -1 2 2 -1 -1 2 3 1 1 2 3 -1 2 1 3 -1 3 -1 -1 1 -1 -1 -1 3 -1 1 -1 1 2 3 -1 -1 -1 -1 2 3 1 1 -1 2 3 -1 2 2 2 -1 3 1 -1 -1 -1 2 -1 1 -1 -1 3 2 -1 -1 3 3 2 -1 -1 -1 2 1 2 3 -1 -1 3 2 -1 -1 2 -1 1 -1 1 -1 -1 3 3 -1 3 -1 -1 3 -1 -1 -1 -1 -1 1 -1 -1 3 1 3 2 1 2 1 1 -1 -1 2 1 -1 -1 -1 -1 -1 3 1 1 -1 1 3 2 1 -1 -1
1916
-1 -1 1 -1 1 1 1 -1 -1 -1 1 1 -1 1 -1 -1 1 -1 -1 -1 -1 1 1 1 -1 -1 -1 -1 1 1 -1 -1 -1 1 -1 -1 -1 1 -1 -1 -1 1 -1 -1 -1 -1 -1 -1 -1 -1 1 1 1 1 1 1 -1 -1 -1 -1 -1 1 1 -1 -1 1 -1 -1 -1 1 -1 1 -1 -1 -1 -1 1 -1 -1 -1 -1 1 -1 1 -1 -1 -1 1 -1 1 1 -1 -1 -1 1 -1 -1 1 1 -1 -1 -1 -1 -1 -1 1 -1 -1 -1 1 1 1 -1 1 1 -1 -1 -1 -1 1 1 -1 1 1 -1 1 1 -1 -1 -1 1 -1 1 -1 1 -1 1 1 1 -1 -1 1 1 -1 1 1 1 1 -1 1 -1 -1 -1 1 1 1 1 -1 -1 1 1 -1 1 1 1 -1 -1 1 -1 1 1 1 -1 -1 -1 1 -1 -1 -1 1 -1 1 1 -1 -1 -1 -1 1 -1 -1 1 -1 1 1 -1 1
18251
1 -1 -1 1 1 -1 1 -1 1 -1 1 -1 -1 -1 -1 1 1 -1 1 1 -1 1 -1 1 -1 1 -1 1 -1 1 -1 1 1 -1 -1 1 1 -1 1 1 -1 -1 -1 1 1 1 1 1 1 -1 1 1 1 1 -1 -1 -1 1 1 1 1 1 1 -1 1 -1 -1 -1 -1 1 1 1 1 1 -1 -1 -1 1 -1 1 1 -1 1 -1 1 1 -1 -1 -1 1 -1 1 1 -1 1 1 1 1 1 -1 -1 -1 1 1 -1 -1 -1 1 1 -1 1 1 -1 -1 1 1 -1 1 -1 1 -1 -1 -1 -1 1 1 1 -1 -1 1 -1 1 -1 -1 1 1 -1 -1 1 1 1 1 1 1 1 1 1 -1 1 1 1 -1 1 -1 -1 1 -1 -1 1 -1 1 -1 -1 1 1 1 -1 1 1 -1 -1 1 1 1 1 1 -1 -1 -1 -1 -1 1 1 1 -1 -1 -1 1 -1 1 1 -1 -1 -1 -1 -1 1 -1 1 -1 -1 1 1 -1 1
23398
1 -1 1 -1 1 -1 -1 -1 -1 1 1 -1 -1 -1 -1 1 1 -1 -1 1 1 1 -1 -1 1 -1 -1 1 1 -1 1 1 1 -1 1 -1 1 1 -1 -1 1 -1 -1 1 -1 1 -1 -1 -1 1 1 -1 1 -1 -1 -1 1 -1 -1 -1 1 -1 -1 -1 -1 -1 1 1 -1 1 -1 1 1 -1 -1 -1 -1 -1 1 1 1 1 1 1 1 1 -1 1 -1 -1 -1 -1 1 -1 -1 -1 -1 1 -1 1 -1 1 -1 1 -1 -1 -1 1 -1 -1 1 -1 1 1 1 -1 -1 1 -1 1 -1 1 -1 1 1 -1 -1 1 1 -1 -1 -1 1 1 1 1 -1 1 -1 1 1 -1 1 1 1 1 -1 -1 1 -1 -1 1 1 1 -1 1 1 1 -1 -1 -1 -1 -1 1 -1 -1 -1 1 -1 -1 1 1 1 1 -1 -1 -1 1 1 -1 1 -1 1 -1 -1 1 -1 -1 -1 1 1 -1 -1 -1 -1 -1 1 1
14330
-1 -1 -1 -1 3 -1 -1 -1 -1 -1 -1 1 3 -1 3 2 -1 2 -1 -1 3 1 1 2 -1 -1 -1 3 1 3 3 1 1 -1 -1 -1 -1 1 1 -1 -1 2 1 -1 3 1 -1 3 -1 -1 -1 -1 -1 -1 2 -1 1 -1 -1 -1 -1 -1 -1 1 -1 1 1 2 -1 1 1 1 -1 -1 -1 1 2 2 2 3 2 -1 -1 -1 -1 -1 2 -1 3 -1 -1 -1 -1 -1 3 -1 -1 -1 -1 -1 -1 -1 -1 -1 1 1 -1 1 -1 -1 -1 -1 2 -1 1 1 -1 -1 1 -1 -1 -1 3 2 2 -1 -1 -1 2 -1 -1 3 1 2 -1 1 2 -1 -1 -1 -1 1 -1 2 -1 -1 -1 2 -1 -1 1 -1 1 -1 -1 -1 -1 -1 -1 -1 3 -1 -1 3 2 -1 1 -1 -1 -1 -1 -1 -1 2 -1 -1 -1 -1 3 -1 -1 -1 -1 -1 1 -1 -1 3 3 2 3 -1 1
18713
-1 8 -1 -1 2 -1 10 -1 -1 2 6 -1 -1 -1 -1 8 7 6 -1 5 3 -1 6 10 -1 6 -1 9 8 6 -1 9 2 -1 -1 -1 -1 3 -1 -1 -1 -1 9 1 -1 5 -1 -1 5 -1 -1 8 5 -1 -1 -1 -1 -1 2 6 5 10 7 -1 -1 1 -1 -1 -1 6 -1 3 9 9 7 4 5 9 1 -1 7 -1 -1 -1 -1 -1 3 -1 9 -1 -1 -1 1 -1 4 8 6 -1 1 -1 -1 -1 -1 -1 -1 4 3 8 9 -1 7 2 5 1 -1 8 -1 1 -1 10 -1 3 -1 2 3 3 -1 -1 -1 -1 -1 -1 5 3 -1 6 6 4 6 -1 10 -1 10 -1 -1 10 1 2 1 3 -1 1 -1 -1 5 -1 -1 9 7 -1 -1 2 10 7 -1 -1 1 -1 10 -1 5 4 -1 1 9 10 -1 5 -1 -1 -1 -1 7 2 -1 5 -1 10 -1 4 6 10 9 6 -1 -1 -1 3
1593
-1 -1 1 1 -1 1 1 1 1 1 1 1 -1 1 1 -1 -1 -1 -1 1 -1 1 -1 1 1 -1 -1 1 -1 1 -1 -1 -1 1 -1 1 1 -1 -1 -1 1 1 1 1 -1 -1 -1 1 -1 -1 1 1 1 -1 1 -1 -1 1 -1 1 -1 -1 1 -1 -1 1 1 -1 1 1 -1 1 1 1 1 1 1 -1 -1 -1 -1 1 -1 1 1 1 1 1 -1 1 -1 1 1 1 1 -1 1 -1 1 -1 1 1 -1 -1 -1 1 -1 -1 -1 1 -1 1 1 -1 1 1 -1 -1 -1 1 -1 -1 -1 1 -1 1 1 1 1 -1 -1 -1 -1 -1 -1 1 -1 1 1 1 1 1 1 1 1 1 -1 -1 -1 -1 1 1 1 -1 -1 1 -1 -1 1 -1 1 -1 1 -1 1 1 1 -1 1 1 1 1 1 1 1 -1 -1 1 1 -1 -1 -1 1 -1 -1 1 1 -1 1 -1 1 1 -1 -1 1 1 1 1 -1 -1 1 -1 1 -1 -1
9649
2 -1 2 -1 1 -1 -1 2 -1 -1 2 -1 -1 -1 -1 -1 3 2 2 -1 -1 3 2 -1 -1 2 -1 -1 -1 -1 3 1 1 -1 -1 -1 1 3 3 -1 -1 -1 -1 1 2 -1 -1 -1 -1 -1 2 2 -1 1 3 2 1 -1 2 -1 2 -1 -1 1 3 -1 -1 -1 -1 3 3 -1 -1 -1 2 1 -1 -1 -1 -1 2 2 -1 3 -1 1 3 -1 -1 1 2 -1 1 3 2 -1 1 2 3 3 1 1 3 -1 1 1 3 1 -1 -1 -1 3 2 -1 2 2 -1 3 2 1 1 -1 -1 -1 -1 -1 -1 3 3 3 1 1 3 2 -1 1 1 -1 1 1 -1 -1 -1 2 3 -1 -1 -1 -1 -1 3 1 -1 1 -1 3 -1 2 3 2 -1 2 -1 -1 -1 1 -1 -1 -1 -1 1 -1 3 -1 -1 -1 -1 -1 3 1 2 -1 2 2 1 2 -1 -1 -1 -1 1 1 -1 -1 3 -1 -1 -1 2 3 -1
10112
-1 -1 1 -1 -1 -1 1 1 1 -1 1 -1 1 -1 -1 -1 1 1 1 -1 -1 1 -1 -1 -1 -1 1 -1 1 -1 -1 -1 -1 -1 -1 -1 1 -1 -1 -1 1 -1 1 -1 1 -1 -1 -1 -1 1 -1 1 1 -1 -1 -1 1 -1 1 -1 -1 -1 1 1 1 -1 -1 1 1 -1 -1 -1 1 -1 -1 1 -1 1 1 1 1 1 -1 -1 1 -1 -1 -1 -1 -1 -1 -1 -1 -1 1 -1 1 -1 1 -1 -1 -1 -1 -1 -1 -1 -1 1 -1 1 -1 1 -1 1 -1 1 -1 1 1 1 1 -1 1 -1 1 -1 -1 -1 1 -1 -1 1 -1 -1 -1 -1 -1 1 -1 1 -1 -1 -1 -1 -1 -1 1 -1 -1 1 -1 -1 -1 1 -1 -1 -1 -1 -1 -1 -1 1 -1 -1 1 1 1 -1 -1 1 -1 -1 1 -1 1 -1 1 -1 -1 -1 1 -1 1 -1 -1 1 -1 -1 -1 -1
5665
3 2 3 2 -1 -1 -1 4 -1 1 -1 -1 4 6 -1 -1 -1 -1 5 -1 -1 -1 -1 -1 7 -1 -1 6 -1 -1 3 -1 7 5 -1 -1 4 1 4 -1 -1 -1 1 -1 -1 -1 -1 -1 -1 -1 -1 6 5 3 5 -1 -1 3 4 1 6 -1 -1 6 6 2 6 6 -1 5 4 2 3 2 -1 -1 7 4 -1 2 -1 7 -1 6 -1 8 -1 -1 5 -1 6 3 -1 1 -1 -1 1 -1 -1 4 -1 4 2 4 2 4 5 -1 6 6 8 -1 4 -1 7 -1 5 -1 6 1 1 8 -1 -1 -1 -1 -1 -1 1 2 1 -1 -1 8 -1 -1 4 -1 8 -1 3 3 5 -1 -1 -1 -1 2 -1 -1 -1 -1 -1 5 -1 -1 1 -1 -1 5 5 3 -1 3 -1 -1 7 4 -1 -1 -1 -1 4 -1 2 -1 -1 -1 6 -1 3 1 -1 -1 -1 -1 8 -1 4 8 2 4 -1 6 -1 5 5 -1 2 -1 3
51220
1 1 -1 1 1 -1 1 -1 1 1 -1 1 -1 -1 1 -1 -1 -1 1 1 1 1 -1 -1 1 1 -1 1 -1 1 -1 1 1 -1 -1 1 -1 -1 -1 1 1 1 1 -1 1 1 1 1 -1 -1 -1 -1 -1 1 -1 -1 -1 -1 -1 -1 1 -1 1 1 -1 1 -1 1 1 -1 -1 -1 1 -1 1 1 -1 1 -1 1 1 -1 -1 -1 1 1 -1 1 -1 1 1 1 1 1 -1 1 -1 1 -1 -1 -1 -1 1 1 -1 -1 1 -1 -1 -1 1 -1 -1 -1 -1 1 -1 -1 -1 -1 -1 -1 1 -1 1 1 -1 1 1 -1 1 1 1 -1 1 1 -1 -1 -1 -1 -1 1 1 1 -1 -1 -1 1 1 1 1 -1 -1 -1 1 -1 -1 1 1 -1 1 -1 1 -1 -1 1 1 -1 -1 1 1 -1 1 1 -1 -1 1 1 -1 -1 1 -1 -1 1 -1 1 -1 1 1 1 -1 1 -1 -1 1 1 1 -1 1 -1
11769
-1 1 3 1 -1 -1 -1 2 -1 -1 -1 2 1 -1 -1 -1 -1 -1 1 -1 -1 3 2 -1 2 -1 -1 -1 -1 3 -1 -1 2 2 1 -1 1 2 3 -1 -1 -1 -1 3 -1 -1 1 2 -1 1 -1 -1 -1 -1 2 -1 -1 -1 1 -1 2 -1 3 3 -1 -1 -1 1 -1 1 -1 1 -1 -1 1 -1 1 -1 2 -1 -1 -1 3 2 -1 -1 -1 -1 -1 1 -1 -1 3 3 3 -1 -1 2 -1 1 3 3 1 -1 2 3 1 -1 1 2 3 2 3 2 1 1 3 -1 -1 1 1 3 2 -1 3 2 -1 2 -1 3 3 2 2 3 2 -1 -1 -1 3 -1 -1 -1 2 2 -1 2 3 -1 2 -1 2 -1 -1 -1 3 3 3 2 -1 3 -1 -1 -1 3 -1 2 1 -1 1 2 1 -1 1 -1 3 1 -1 -1 3 -1 1 2 2 -1 -1 3 -1 3 3 2 -1 1 -1 2 2 2 1 -1 -1 -1 -1 -1
14073
1 -1 2 -1 -1 2 -1 -1 -1 -1 2 -1 1 -1 2 2 -1 1 -1 -1 -1 3 -1 -1 -1 1 -1 1 -1 2 -1 2 -1 2 -1 -1 1 1 3 -1 -1 -1 -1 -1 2 1 -1 -1 1 2 -1 1 1 -1 2 2 3 -1 1 3 1 -1 -1 -1 3 -1 3 1 -1 2 -1 1 -1 2 -1 1 1 3 -1 2 -1 -1 -1 -1 2 -1 3 -1 -1 3 -1 -1 1 -1 -1 1 1 -1 3 -1 -1 -1 1 -1 -1 1 -1 -1 1 1 -1 -1 1 -1 2 1 3 1 -1 2 3 -1 -1 1 -1 2 -1 -1 3 -1 2 1 1 2 -1 -1 -1 2 -1 -1 -1 -1 -1 1 1 1 -1 -1 1 -1 1 2 1 -1 1 2 -1 2 -1 2 -1 1 -1 -1 -1 -1 2 -1 2 3 2 1 1 -1 3 -1 -1 -1 1 -1 1 -1 3 -1 -1 1 1 -1 -1 -1 1 -1 3 3 3 -1 -1 2 2 2
7008
-1 -1 1 -1 1 1 1 1 -1 -1 -1 1 -1 1 1 -1 1 -1 -1 -1 -1 -1 -1 -1 1 -1 -1 -1 1 1 1 1 1 -1 -1 -1 -1 -1 -1 -1 1 -1 -1 -1 1 -1 -1 1 -1 1 1 -1 -1 1 1 -1 -1 1 -1 1 -1 1 1 -1 -1 1 1 -1 1 -1 -1 -1 -1 1 1 1 -1 1 -1 -1 -1 -1 -1 -1 1 1 -1 1 -1 -1 -1 1 1 -1 -1 1 -1 -1 -1 -1 -1 1 1 -1 -1 -1 -1 1 1 -1 -1 -1 1 -1 1 1 1 -1 -1 -1 1 -1 -1 1 -1 1 1 -1 -1 -1 1 -1 1 -1 -1 -1 -1 1 -1 1 1 -1 -1 -1 -1 -1 1 -1 1 1 1 1 -1 1 1 -1 -1 -1 -1 -1 -1 1 -1 1 -1 -1 -1 -1 1 -1 -1 -1 -1 -1 -1 -1 1 -1 1 1 -1 -1 1 -1 -1 1 -1 -1 -1 -1 -1 1
16175
1 1 1 1 -1 1 1 -1 -1 -1 -1 1 -1 1 -1 1 -1 -1 -1 1 1 -1 1 1 1 1 1 -1 -1 -1 1 1 -1 1 -1 -1 1 -1 1 -1 -1 -1 1 -1 1 1 -1 1 -1 -1 -1 -1 -1 -1 1 -1 -1 -1 1 1 -1 -1 -1 -1 -1 1 -1 -1 -1 1 1 1 -1 1 -1 -1 -1 -1 1 -1 1 1 1 1 1 1 1 1 -1 1 1 1 -1 1 1 1 1 -1 -1 -1 1 -1 1 1 1 1 1 1 1 -1 -1 -1 1 -1 -1 -1 -1 1 1 -1 1 -1 1 -1 -1 1 1 1 1 -1 -1 -1 1 -1 -1 1 1 -1 1 -1 -1 1 1 -1 -1 1 1 1 -1 -1 1 1 1 -1 -1 1 -1 1 1 -1 -1 1 -1 -1 -1 1 -1 1 1 -1 -1 1 -1 -1 -1 -1 -1 1 -1 -1 -1 1 1 1 1 1 1 1 -1 -1 -1 -1 1 -1 -1 -1 1 1 -1 1 -1
10772
-1 2 -1 -1 -1 2 1 -1 3 -1 -1 2 3 -1 -1 -1 -1 -1 -1 2 1 -1 3 3 -1 -1 -1 1 1 -1 -1 -1 3 1 2 -1 2 -1 -1 3 2 -1 -1 -1 -1 -1 -1 -1 -1 2 -1 -1 1 2 3 2 -1 -1 -1 -1 -1 1 -1 -1 -1 -1 1 1 1 -1 -1 2 -1 1 -1 -1 -1 1 -1 3 -1 -1 1 1 2 -1 -1 -1 -1 -1 -1 -1 -1 -1 -1 -1 1 -1 -1 -1 3 -1 -1 3 1 -1 -1 -1 -1 -1 -1 3 3 -1 3 1 3 -1 -1 1 1 2 1 -1 -1 3 -1 -1 -1 2 -1 -1 -1 3 3 2 -1 -1 1 2 2 2 -1 1 2 1 3 -1 -1 -1 3 -1 2 -1 1 3 -1 3 -1 -1 -1 3 -1 3 -1 3 -1 1 1 -1 2 -1 1 -1 -1 2 3 2 3 -1 2 2 -1 1 -1 -1 2 -1 -1 -1 2 3 1 3 -1 -1
50084
-1 1 1 -1 -1 -1 -1 -1 -1 1 1 1 -1 1 1 -1 1 -1 1 1 -1 1 1 -1 1 -1 -1 -1 -1 1 1 1 1 1 1 -1 1 -1 1 1 1 1 -1 -1 -1 -1 1 1 1 -1 -1 1 1 -1 1 1 -1 1 -1 -1 1 1 -1 1 1 1 -1 1 1 -1 1 -1 -1 1 1 -1 1 -1 1 1 1 1 -1 -1 -1 1 -1 -1 1 1 1 -1 -1 1 1 -1 1 1 -1 -1 1 -1 1 1 -1 -1 1 -1 1 1 1 1 1 -1 1 -1 1 1 -1 -1 -1 1 -1 1 -1 1 1 1 -1 -1 -1 1 -1 -1 1 -1 -1 -1 -1 1 1 1 1 -1 1 1 1 -1 1 -1 -1 1 -1 -1 1 1 1 1 -1 -1 -1 1 -1 -1 -1 -1 1 -1 1 -1 -1 -1 -1 -1 1 1 -1 1 1 1 1 1 -1 1 1 -1 1 -1 1 -1 1 -1 -1 -1 1 1 -1 1 1 -1 1 -1 1 1
12465
-1 -1 -1 3 3 1 2 2 3 -1 2 -1 -1 3 -1 2 2 -1 -1 1 3 2 2 2 -1 3 1 3 1 -1 -1 3 -1 -1 -1 -1 -1 -1 3 -1 -1 -1 2 -1 -1 2 -1 -1 -1 2 -1 -1 3 -1 1 -1 -1 -1 1 -1 1 3 1 -1 -1 3 1 -1 3 1 -1 -1 -1 -1 -1 2 3 1 -1 1 2 -1 1 2 -1 -1 2 3 -1 2 2 -1 3 3 1 -1 -1 -1 -1 1 -1 2 3 3 -1 -1 3 -1 -1 -1 -1 1 -1 3 1 -1 -1 -1 -1 3 3 -1 2 3 -1 -1 -1 3 2 -1 3 3 1 2 3 -1 -1 3 3 -1 1 -1 -1 3 2 2 1 -1 3 1 -1 -1 -1 -1 -1 -1 -1 1 1 -1 -1 2 -1 -1 3 -1 3 -1 1 -1 -1 -1 1 -1 -1 -1 -1 1 1 -1 -1 -1 -1 -1 -1 1 2 -1 -1 1 3 -1 2 3 -1 3 -1 -1 3
22470
1 1 -1 -1 -1 -1 1 1 1 -1 -1 -1 1 -1 -1 -1 1 -1 1 -1 -1 -1 1 1 1 1 1 1 1 1 -1 -1 -1 1 -1 -1 1 1 -1 1 -1 -1 -1 -1 1 -1 1 1 -1 -1 -1 1 1 1 1 -1 -1 -1 1 -1 -1 -1 1 1 -1 1 -1 1 -1 1 1 1 1 -1 -1 -1 1 1 -1 1 1 1 -1 1 -1 1 1 1 1 -1 -1 1 -1 -1 1 1 1 -1 -1 -1 1 1 -1 -1 1 1 1 1 1 1 -1 1 -1 -1 1 1 -1 1 -1 1 1 1 1 -1 1 1 -1 1 1 1 -1 1 1 -1 1 1 -1 -1 -1 -1 -1 1 -1 1 -1 1 -1 1 -1 1 1 1 -1 1 1 -1 1 -1 1 -1 -1 1 1 1 -1 1 1 1 -1 1 1 -1 1 -1 1 1 1 1 -1 -1 1 -1 1 1 -1 -1 -1 1 1 1 -1 -1 -1 -1 -1 -1 1 1 1 1 1 -1 1 -1 1
26311
1 -1 1 1 -1 -1 -1 -1 -1 1 -1 -1 1 1 -1 1 1 1 -1 -1 -1 1 -1 1 1 1 1 1 1 -1 1 1 1 -1 1 1 -1 1 -1 -1 -1 -1 -1 1 1 1 -1 -1 -1 1 1 -1 1 -1 1 1 1 1 1 1 1 -1 1 -1 -1 1 1 -1 1 1 -1 -1 -1 1 1 -1 1 1 1 -1 1 -1 1 -1 1 1 1 -1 1 -1 -1 1 -1 -1 1 1 -1 -1 -1 1 1 -1 1 -1 1 -1 1 1 1 -1 1 1 -1 1 1 -1 -1 1 -1 1 -1 1 -1 1 1 -1 1 1 -1 1 1 -1 -1 -1 -1 1 -1 1 1 -1 -1 -1 -1 -1 1 -1 1 1 -1 -1 1 1 1 -1 -1 -1 1 1 -1 1 -1 1 -1 1 -1 1 -1 1 1 1 -1 1 1 1 -1 1 1 1 -1 -1 1 -1 1 -1 -1 1 -1 1 1 1 -1 -1 -1 1 1 1 1 -1 1 1 1 -1 1 1 -1 -1
14312
-1 -1 3 -1 2 -1 -1 2 -1 1 2 -1 1 1 -1 3 1 1 3 -1 -1 -1 3 -1 -1 3 2 -1 -1 -1 -1 -1 3 -1 -1 -1 3 -1 3 3 3 -1 2 2 3 -1 3 2 -1 -1 2 -1 -1 2 -1 -1 1 3 3 1 2 -1 1 -1 2 -1 3 -1 -1 1 2 1 -1 -1 1 1 3 -1 1 -1 -1 -1 1 -1 -1 -1 -1 -1 -1 1 -1 -1 -1 1 2 -1 3 -1 -1 -1 1 -1 -1 -1 -1 2 3 -1 3 1 2 1 -1 3 1 3 1 2 -1 -1 1 1 3 2 2 2 -1 -1 1 -1 -1 -1 2 1 -1 -1 1 3 -1 1 -1 3 -1 -1 -1 3 -1 3 2 3 -1 -1 3 2 2 2 3 1 3 1 -1 -1 -1 -1 -1 3 2 -1 -1 2 1 -1 1 2 1 -1 1 1 -1 2 3 3 -1 -1 -1 -1 2 2 -1 1 -1 -1 -1 -1 3 -1 1 -1 1 2 -1 3 2
78910
-1 1 -1 2 1 3 -1 -1 -1 -1 -1 -1 1 3 -1 1 3 -1 1 -1 1 1 1 -1 3 -1 -1 1 -1 -1 2 -1 -1 1 -1 3 1 3 -1 3 -1 -1 1 2 3 2 1 1 -1 3 2 -1 -1 1 1 -1 1 3 1 -1 -1 2 1 -1 2 -1 3 -1 -1 2 1 -1 -1 -1 -1 -1 -1 1 1 2 1 -1 -1 -1 3 -1 2 1 2 -1 -1 2 -1 2 1 3 3 -1 -1 1 1 2 1 2 2 1 1 1 1 2 2 1 2 1 1 1 1 -1 -1 1 -1 3 -1 1 -1 3 2 -1 2 -1 3 -1 -1 -1 2 2 3 -1 3 -1 1 3 -1 1 1 -1 1 -1 2 -1 3 1 1 -1 2 3 -1 1 -1 2 -1 -1 -1 -1 -1 -1 -1 -1 3 1 -1 1 -1 -1 -1 1 3 3 -1 -1 -1 3 3 3 -1 -1 1 3 1 1 1 -1 -1 3 3 2 -1 -1 -1 1 1 -1 -1 1 -1 2
4129
-1 1 -1 1 1 1 -1 -1 -1 1 -1 -1 1 1 -1 1 -1 -1 1 1 -1 -1 1 1 -1 -1 -1 1 -1 -1 -1 1 1 1 -1 1 1 -1 1 -1 1 1 1 1 1 1 1 -1 -1 1 1 1 -1 -1 -1 1 1 1 -1 -1 1 -1 1 1 -1 1 -1 -1 1 1 1 1 -1 1 -1 -1 -1 1 -1 1 -1 -1 1 -1 -1 1 -1 1 -1 -1 1 -1 1 -1 1 -1 1 -1 1 1 1 1 1 1 -1 1 1 1 1 1 -1 1 1 1 -1 1 1 1 -1 -1 -1 -1 -1 1 -1 -1 1 1 -1 -1 -1 -1 -1 1 1 -1 1 -1 -1 1 -1 -1 1 1 1 1 1 1 -1 -1 -1 1 -1 -1 1 -1 -1 1 -1 1 1 -1 -1 -1 -1 1 1 -1 -1 -1 1 -1 -1 1 1 1 1 1 -1 1 1 -1 1 1 -1 -1 -1 -1 -1 -1 -1 -1 1 1 1 -1 1 -1 1 1 -1 -1 1
1
2
100000
-1 -1 -1 -1 -1 -1 -1 -1 -1 -1 -1 -1 -1 -1 -1 -1 -1 -1 -1 -1 -1 -1 -1 -1 -1 -1 -1 -1 -1 -1 -1 -1 -1 -1 -1 -1 -1 -1 -1 -1 -1 -1 -1 -1 -1 -1 -1 -1 -1 -1 -1 -1 -1 -1 -1 -1 -1 -1 -1 -1 -1 -1 -1 -1 -1 -1 -1 -1 -1 -1 -1 -1 -1 -1 -1 -1 -1 -1 -1 -1 -1 -1 -1 -1 -1 -1 -1 -1 -1 -1 -1 -1 -1 -1 -1 -1 -1 -1 -1 -1 -1 -1 -1 -1 -1 -1 -1 -1 -1 -1 -1 -1 -1 -1 -1 -1 -1 -1 -1 -1 -1 -1 -1 -1 -1 -1 -1 -1 -1 -1 -1 -1 -1 -1 -1 -1 -1 -1 -1 -1 -1 -1 -1 -1 -1 -1 -1 -1 -1 -1 -1 -1 -1 -1 -1 -1 -1 -1 -1 -1 -1 -1 -1 -1 -1 -1 -1 -1
79915
-1 -1 1 -1 1 -1 1 -1 -1 -1 1 1 -1 1 -1 1 -1 1 -1 -1 1 -1 1 -1 1 1 1 1 -1 -1 -1 1 -1 1 1 1 1 -1 -1 -1 1 1 1 1 -1 1 1 1 -1 1 1 1 1 -1 1 -1 -1 1 1 1 1 1 -1 1 -1 1 -1 1 1 -1 1 -1 -1 1 -1 1 -1 1 -1 -1 1 1 -1 1 -1 1 1 -1 1 1 1 -1 -1 1 -1 -1 1 -1 -1 1 1 -1 1 -1 1 1 -1 -1 -1 1 1 -1 -1 -1 1 -1 -1 1 -1 -1 -1 -1 1 -1 1 1 -1 -1 1 1 -1 -1 -1 -1 -1 -1 -1 -1 1 -1 -1 -1 -1 -1 1 -1 -1 1 -1 -1 1 -1 -1 1 1 -1 1 1 1 1 1 1 1 -1 1 -1 -1 1 1 1 1 -1 1 -1 -1 1 -1 1 -1 -1 -1 1 -1 1 1 1 -1 -1 1 -1 1 1 -1 1 1 -1 1 1 1 1 -1 -1
1
-1
2
1 -1
2
-1 1
2
1 1
2
-1 -1
9997
-1 -1 -1 -1 -1 -1 -1 -1 -1 -1 -1 -1 -1 -1 -1 -1 -1 -1 -1 -1 -1 -1 -1 -1 -1 -1 -1 -1 -1 -1 -1 -1 -1 -1 -1 -1 -1 -1 -1 -1 -1 -1 -1 -1 -1 -1 -1 -1 -1 -1 -1 -1 -1 -1 -1 -1 -1 -1 -1 -1 -1 -1 -1 -1 -1 -1 -1 -1 -1 -1 -1 -1 -1 -1 -1 -1 -1 -1 -1 -1 -1 -1 -1 -1 -1 -1 -1 -1 -1 -1 -1 -1 -1 -1 -1 -1 -1 -1 -1 -1 -1 -1 -1 -1 -1 -1 -1 -1 -1 -1 -1 -1 -1 -1 -1 -1 -1 -1 -1 -1 -1 -1 -1 -1 -1 -1 -1 -1 -1 -1 -1 -1 -1 -1 -1 -1 -1 -1 -1 -1 -1 -1 -1 -1 -1 -1 -1 -1 -1 -1 -1 -1 -1 -1 -1 -1 -1 -1 -1 -1 -1 -1 -1 -1 -1 -1 -1 -1
4
10 -1 -1 -1
1
1
9998
-1 -1 -1 -1 -1 -1 -1 -1 -1 -1 -1 -1 -1 -1 -1 -1 -1 -1 -1 -1 -1 -1 -1 -1 -1 -1 -1 -1 -1 -1 -1 -1 -1 -1 -1 -1 -1 -1 -1 -1 -1 -1 -1 -1 -1 -1 -1 -1 -1 -1 -1 -1 -1 -1 -1 -1 -1 -1 -1 -1 -1 -1 -1 -1 -1 -1 -1 -1 -1 -1 -1 -1 -1 -1 -1 -1 -1 -1 -1 -1 -1 -1 -1 -1 -1 -1 -1 -1 -1 -1 -1 -1 -1 -1 -1 -1 -1 -1 -1 -1 -1 -1 -1 -1 -1 -1 -1 -1 -1 -1 -1 -1 -1 -1 -1 -1 -1 -1 -1 -1 -1 -1 -1 -1 -1 -1 -1 -1 -1 -1 -1 -1 -1 -1 -1 -1 -1 -1 -1 -1 -1 -1 -1 -1 -1 -1 -1 -1 -1 -1 -1 -1 -1 -1 -1 -1 -1 -1 -1 -1 -1 -1 -1 -1 -1 -1 -1 -1
9996
-1 -1 -1 -1 -1 -1 -1 -1 -1 -1 -1 -1 -1 -1 -1 -1 -1 -1 -1 -1 -1 -1 -1 -1 -1 -1 -1 -1 -1 -1 -1 -1 -1 -1 -1 -1 -1 -1 -1 -1 -1 -1 -1 -1 -1 -1 -1 -1 -1 -1 -1 -1 -1 -1 -1 -1 -1 -1 -1 -1 -1 -1 -1 -1 -1 -1 -1 -1 -1 -1 -1 -1 -1 -1 -1 -1 -1 -1 -1 -1 -1 -1 -1 -1 -1 -1 -1 -1 -1 -1 -1 -1 -1 -1 -1 -1 -1 -1 -1 -1 -1 -1 -1 -1 -1 -1 -1 -1 -1 -1 -1 -1 -1 -1 -1 -1 -1 -1 -1 -1 -1 -1 -1 -1 -1 -1 -1 -1 -1 -1 -1 -1 -1 -1 -1 -1 -1 -1 -1 -1 -1 -1 -1 -1 -1 -1 -1 -1 -1 -1 -1 -1 -1 -1 -1 -1 -1 -1 -1 -1 -1 -1 -1 -1 -1 -1 -1 -1
4
-1 -1 1 1
100000
-1 -1 -1 -1 -1 -1 -1 -1 -1 -1 -1 -1 -1 -1 -1 -1 -1 -1 -1 -1 -1 -1 -1 -1 -1 -1 -1 -1 -1 -1 -1 -1 -1 -1 -1 -1 -1 -1 -1 -1 -1 -1 -1 -1 -1 -1 -1 -1 -1 -1 -1 -1 -1 -1 -1 -1 -1 -1 -1 -1 -1 -1 -1 -1 -1 -1 -1 -1 -1 -1 -1 -1 -1 -1 -1 -1 -1 -1 -1 -1 -1 -1 -1 -1 -1 -1 -1 -1 -1 -1 -1 -1 -1 -1 -1 -1 -1 -1 -1 -1 -1 -1 -1 -1 -1 -1 -1 -1 -1 -1 -1 -1 -1 -1 -1 -1 -1 -1 -1 -1 -1 -1 -1 -1 -1 -1 -1 -1 -1 -1 -1 -1 -1 -1 -1 -1 -1 -1 -1 -1 -1 -1 -1 -1 -1 -1 -1 -1 -1 -1 -1 -1 -1 -1 -1 -1 -1 -1 -1 -1 -1 -1 -1 -1 -1 -1 -1 -1
