1
61803398874989484820458683436563811772030917980576
1
1
1
1
2
8392739158839273915883927391588392739158839273915883927391588392739158839273915883927391588392739158
1
1
1
1
10000000000000000000000000000000000000000000000000000000000000000000000000000000000000000000000000000
1
1
1
1
1
15943150466658398903
410470228200245407491525399055972
51894705655711504622197349350106792045098781545973899451307
60353594589897438036015726222485085035927634677598681595162804007836722215668410
761733780145118977868180796896376577405349682060892737466239031663476251177476275459280340045369535
1
1
1
1
1
