19 29
3 6
39 91
76 134
93 95
17 35
94 95
51 52
47 52
38 98
30 37
56 92
900000000 1000000000
37622224 162971117
760632746 850720703
908580370 968054552
951594860 953554446
347877978 913527175
620769961 988145114
820844234 892579936
741254764 741254768
80270976 80270977
392602363 392602367
519002744 519002744
331900277 331900277
419873015 419873018
349533413 349533413
28829775 28829776
568814539 568814539
720270740 720270743
871232720 871232722
305693653 305693653
634097178 634097179
450868287 450868290
252662256 252662260
575062045 575062049
273072892 273072894
770439256 770439256
2 1000000000
6 8
2 879190747
5 5
999999937 999999937
3 3
5 100
2 2
3 18
7 7
39916801 39916801
3 8
13 13
4 8
3 12
6 12
999999103 999999103
100000007 100000007
3 99
999999733 999999733
5 10
982451653 982451653
999900001 1000000000
999727999 999727999
2 999999999
242 244
3 10
15 27
998244353 998244353
5 15
999999797 999999797
2 3
999999929 999999929
3 111111
12 18
479001599 479001599
10000019 10000019
715827883 715827883
999992977 999992977
11 11
29 29
1000003 1000003
6 15
1200007 1200007
3 1000000000
990000023 990000023
1717 1717
141650963 141650963
1002523 1002523
900000011 900000011
104729 104729
4 12
100003 100003
17 17
10 100